psum0
 [[-203 -135 -291 -135 -294 -284 -230  -89]
 [-268 -196 -364 -196 -364 -353 -304 -133]
 [-261 -189 -357 -189 -357 -344 -313 -128]
 [-125  -73 -181  -73 -336 -316 -256 -193]
 [-228 -132 -348 -132 -483 -461 -415 -206]
 [-216 -126 -336 -126 -406 -391 -374 -135]
 [-216 -126 -336 -126 -364 -349 -344  -99]
 [-168  -70 -280  -70 -511 -475 -427 -242]
 [-119  -77 -175  -77 -385 -370 -373 -236]
 [-118  -70 -182  -70 -392 -377 -380 -229]
 [-152  -58 -256  -58 -462 -423 -422 -231]
 [-100    6 -212    6 -455 -408 -387 -205]
 [ -95  -35 -175  -35 -385 -375 -357 -201]
 [-159  -75 -255  -75 -483 -450 -431 -256]
 [-158  -48 -278  -46 -525 -477 -453 -242]
 [ -78   41 -198   42 -455 -403 -351 -195]]
 psum1
 [[-198 -140 -287 -138  -92 -113 -294 -100]
 [-254 -196 -353 -196 -124 -154 -364 -126]
 [-246 -189 -344 -189 -107 -144 -357 -114]
 [-134 -238 -191 -228  -46  -65 -196  -68]
 [-222 -273 -344 -267  -53  -93 -357  -72]
 [-201 -196 -321 -196  -36  -81 -336  -51]
 [-201 -154 -321 -154  -36  -81 -336  -51]
 [-181 -315 -286 -301   -1  -60 -301  -65]
 [-104 -287 -160 -287   13  -32 -175   -2]
 [-103 -280 -167 -280   20  -25 -182    5]
 [-161 -280 -265 -264   24  -29 -280  -23]
 [-128 -259 -231 -237   61   -1 -245  -24]
 [ -82 -245 -165 -245   31    4 -175   30]
 [-163 -315 -258 -303    7  -45 -273  -35]
 [-185 -315 -300 -293   19  -30 -315  -55]
 [-124 -245 -238 -215   55   19 -245  -30]]
psum0 + psum1
 [[-401 -275 -578 -273 -386 -397 -524 -189]
 [-522 -392 -717 -392 -488 -507 -668 -259]
 [-507 -378 -701 -378 -464 -488 -670 -242]
 [-259 -311 -372 -301 -382 -381 -452 -261]
 [-450 -405 -692 -399 -536 -554 -772 -278]
 [-417 -322 -657 -322 -442 -472 -710 -186]
 [-417 -280 -657 -280 -400 -430 -680 -150]
 [-349 -385 -566 -371 -512 -535 -728 -307]
 [-223 -364 -335 -364 -372 -402 -548 -238]
 [-221 -350 -349 -350 -372 -402 -562 -224]
 [-313 -338 -521 -322 -438 -452 -702 -254]
 [-228 -253 -443 -231 -394 -409 -632 -229]
 [-177 -280 -340 -280 -354 -371 -532 -171]
 [-322 -390 -513 -378 -476 -495 -704 -291]
 [-343 -363 -578 -339 -506 -507 -768 -297]
 [-202 -204 -436 -173 -400 -384 -596 -225]]
