[[-203 -135 -291 -135 -294 -284 -230  -89]
 [-268 -196 -364 -196 -364 -353 -304 -133]
 [-261 -189 -357 -189 -357 -344 -313 -128]
 [-125  -73 -181  -73 -336 -316 -256 -193]
 [-228 -132 -348 -132 -483 -461 -415 -206]
 [-216 -126 -336 -126 -406 -391 -374 -135]
 [-216 -126 -336 -126 -364 -349 -344  -99]
 [-168  -70 -280  -70 -511 -475 -427 -242]
 [-119  -77 -175  -77 -385 -370 -373 -236]
 [-118  -70 -182  -70 -392 -377 -380 -229]
 [-152  -58 -256  -58 -462 -423 -422 -231]
 [-100    6 -212    6 -455 -408 -387 -205]
 [ -95  -35 -175  -35 -385 -375 -357 -201]
 [-159  -75 -255  -75 -483 -450 -431 -256]
 [-158  -48 -278  -46 -525 -477 -453 -242]
 [ -78   41 -198   42 -455 -403 -351 -195]]
